IID	trait.A	trait.B	trait.C	trait.D
HGDP00610	0.476076222079004	0.245457284226625	0.219182940468692	0.0592835532256786
HGDP00982	0.20184834971411	0.438300864527567	0.00779775919722417	0.352053026561099
HGDP00001	0.0132893078538136	0.188238917977367	0.402212096354307	0.396259677814512
HGDP01247	0.335585734233559	0.207064936039293	0.268822336657773	0.188526993069374
HGDP00309	0.317882023145458	0.271236060286067	0.0676216828303593	0.343260233738116
HGDP00786	0.361872253445165	0.378677448640439	0.180634545076352	0.0788157528380433
HGDP00611	0.486583085462498	0.165508227922364	0.0668989981110045	0.281009688504134
HGDP00003	0.4339004294639	0.261837865907726	0.026245308198079	0.278016396430295
HGDP00984	0.400505259735272	0.0245194880828935	0.348742596120144	0.22623265606169
HGDP00787	0.250520104168535	0.254436308908421	0.383940731750836	0.111102855172208
HGDP01248	0.0610082220789978	0.399994596058477	0.476050257905605	0.0629469239569209
HGDP00311	0.192656649241594	0.195457745588465	0.312544753795844	0.299340851374097
HGDP00612	0.275602455814187	0.25513183426485	0.121627898664375	0.347637811256589
HGDP00005	0.446929585550328	0.34442413607503	0.143431303009405	0.0652149753652368
HGDP00985	0.128271676835399	0.384208091224037	0.411741662864762	0.0757785690758017
HGDP00788	0.447045011499769	0.154083074002002	0.109698141857012	0.289173772641216
HGDP00313	0.261715565237014	0.231637433016226	0.279582284317851	0.227064717428909
HGDP01249	0.28284373987687	0.281972757339394	0.248958379555896	0.18622512322784
HGDP00613	0.0305503827533515	0.152241231423881	0.561459136073983	0.255749249748784
HGDP00007	0.0736021322299652	0.23173708522079	0.440851323183833	0.253809459365411
HGDP00986	0.293860374202624	0.0800101461649148	0.335447174221787	0.290682305410675
HGDP00790	0.290095276672677	0.382169635537914	0.178408322203571	0.149326765585837
HGDP00315	0.190908377954974	0.411178565874922	0.261327463583687	0.136585592586417
HGDP01250	0.322255114119727	0.151103029793931	0.22037552391541	0.306266332170932
HGDP00614	0.305299346548241	0.463622753313432	0.0430899931029563	0.18798790703537
HGDP00009	0.376580333867643	0.205045337389305	0.0226722258789953	0.395702102864057
HGDP00987	0.225196660287709	0.0516716991895396	0.491043430566996	0.232088209955755
HGDP00791	0.250252585020985	0.0280048408601939	0.168692686406375	0.553049887712446
HGDP00319	0.312870628955372	0.0200171593170567	0.393668710830562	0.273443500897009
HGDP01251	0.408298248673176	0.00649377861298629	0.141003715981341	0.444204256732497
HGDP00615	0.114613427171528	0.103113418903807	0.364816270696803	0.417456883227862
HGDP00011	0.485699675666278	0.186964192770748	0.227086553470841	0.100249578092133
HGDP00991	0.11710928245131	0.24218063008676	0.620210121103262	0.0204999663586677
HGDP00794	0.106918959082286	0.47103994612498	0.0699904241772401	0.352050670615494
HGDP00323	0.142943181230767	0.313240370702824	0.122023068947167	0.421793379119242
HGDP01253	0.399126786954309	0.231896636023233	0.0312822115308876	0.337694365491571
HGDP00616	0.209753938156709	0.016324583908954	0.37106132672817	0.402860151206167
HGDP00013	0.122128027510868	0.244477859177817	0.26554341690894	0.367850696402375
HGDP00992	0.256762807035676	0.0160660710856865	0.413385201607138	0.3137859202715
HGDP00795	0.124412450639963	0.304903750435391	0.241063932809587	0.329619866115058
HGDP00326	0.212801603291695	0.307360237525418	0.198640229732845	0.281197929450042
HGDP01254	0.0816959420338794	0.328293710838753	0.281388623418272	0.308621723709095
HGDP00618	0.418939440510457	0.221015455779431	0.0784076625677509	0.28163744114236
HGDP00015	0.0773079667858142	0.210528767687129	0.277485508967595	0.434677756559461
HGDP00993	0.218450917500661	0.251075907568744	0.44516745997798	0.085305714952615
HGDP00796	0.354255091918817	0.267776495014092	0.200387594661553	0.177580818405538
HGDP00328	0.343232322944384	0.275470733597596	0.110749512450755	0.270547431007265
HGDP01255	0.195706820678302	0.403029252716146	0.395336850946925	0.00592707565862703
HGDP00619	0.382885471296087	0.113897999231708	0.466840138662317	0.0363763908098875
HGDP00017	0.0945734819700643	0.310479022520292	0.335889359442683	0.25905813606696
HGDP00994	0.103947845318374	0.194830120013883	0.323619606614257	0.377602428053486
HGDP00330	0.503799425173073	0.0654655440396203	0.228414729080258	0.20232030170705
HGDP00797	0.330795185631271	0.134701164879305	0.0741810011461077	0.460322648343316
HGDP00620	0.251650623555705	0.309489163021322	0.240170428776963	0.19868978464601
HGDP01256	0.0432084753926555	0.423873149142561	0.361432440952923	0.17148593451186
HGDP00019	0.19421391107341	0.190433333304919	0.23376423784383	0.381588517777841
HGDP00333	0.191324491742975	0.094220853585378	0.0894996145757153	0.624955040095932
HGDP00995	0.346052619515669	0.233801706406446	0.106860319564841	0.313285354513044
HGDP00798	0.249616503604364	0.388926015781447	0.219362416702008	0.142095063912181
HGDP00621	0.315314267898916	0.641261367071759	0.040025617308821	0.0033987477205033
HGDP01257	0.321826085364445	0.0986939209968964	0.336943810498678	0.242536183139981
HGDP00021	0.152913066167625	0.361933070945878	0.0708542092516535	0.414299653634844
HGDP00338	0.205536379173427	0.330531765042162	0.142762840995532	0.321169014788879
HGDP00999	0.586911186578587	0.151930308661911	0.0407917688321049	0.220366735927397
HGDP00799	0.396460556662363	0.260981882870867	0.143487917763281	0.199069642703489
HGDP00622	0.287006705449862	0.0854692909006222	0.271855465559498	0.355668538090018
HGDP01258	0.332150135135267	0.332089116491041	0.0883676976543048	0.247393050719387
HGDP00023	0.301395416176352	0.336564403574407	0.0132942651805294	0.348745915068712
HGDP00341	0.201446598649919	0.396490475694376	0.377963598471904	0.024099327183802
HGDP01010	0.390048602559627	0.460105915612553	0.00817032515602568	0.141675156671794
HGDP00800	0.199924291046055	0.344395624027364	0.29814240534917	0.157537679577411
HGDP00623	0.231324442180604	0.189453674953631	0.359762957466429	0.219458925399336
HGDP00025	0.0239760255596162	0.364020196434599	0.540160769418199	0.0718430085875862
HGDP01259	0.00563691320872845	0.234318158680214	0.358563438293189	0.401481489817868
HGDP00346	0.296038893061469	0.230146313071197	0.141263945848909	0.332550848018426
HGDP01013	0.0515526693384706	0.312579288553061	0.164971286196935	0.470896755911533
HGDP00624	0.174295404269108	0.211878333710965	0.256426105091183	0.357400156928745
HGDP00802	0.178462886444744	0.281195918976289	0.413730577272701	0.126610617306266
HGDP00027	0.334653373646797	0.241319561801865	0.187653952932281	0.236373111619057
HGDP01260	0.0785805769023699	0.450515801448703	0.24384007421418	0.227063547434747
HGDP00351	0.22639786092734	0.334365769313341	0.347317661768803	0.0919187079905153
HGDP01015	0.360008242830059	0.33023915404485	0.0410112266147198	0.268741376510372
HGDP00625	0.335645571048186	0.455684809858134	0.149105448961987	0.0595641701316931
HGDP00803	0.0487033371475243	0.412126142957808	0.299393573084429	0.239776946810238
HGDP00029	0.240958082697625	0.363695031043778	0.0116212756624633	0.383725610596133
HGDP01261	0.27090879160693	0.247761015137257	0.14743482561029	0.333895367645523
HGDP00356	0.247043792406391	0.152783937540972	0.551718922665518	0.048453347387119
HGDP01021	0.282996831931706	0.195538083476648	0.288392605359413	0.233072479232233
HGDP00626	0.323017761566527	0.210850379248237	0.390443993477535	0.075687865707701
HGDP00804	0.336482665789957	0.424201891368214	0.165310666038676	0.0740047768031534
HGDP00031	0.196509028688766	0.164572380097382	0.223450226525953	0.415468364687899
HGDP01262	0.21074071861528	0.0663156030773231	0.351305695982708	0.371637982324688
HGDP00359	0.113198747618722	0.129310074037038	0.318741036867201	0.438750141477038
HGDP01023	0.280052238640662	0.198598721696924	0.427911438286125	0.0934376013762886
HGDP00627	0.00935126843616496	0.635151908912596	0.289261777941937	0.0662350447093019
HGDP00805	0.120467945407713	0.340204856924291	0.201601267091879	0.337725930576117
HGDP00033	0.254286953769921	0.397648823617733	0.148193974522439	0.199870248089906
HGDP01263	0.314979170904474	0.193447137390968	0.343727680322952	0.147846011381606
HGDP00364	0.317668693235978	0.157518059588375	0.150339554905957	0.374473692269691
HGDP01027	0.0495178373672444	0.0846432226606635	0.269961465406589	0.595877474565503
HGDP00628	0.522639877263397	0.254394844183221	0.118762204967234	0.104203073586148
HGDP00806	0.342103722326968	0.0896877454677896	0.0601911105651655	0.508017421640077
HGDP00035	0.0564197653264124	0.454586452514591	0.23670145774138	0.252292324417617
HGDP01264	0.273617862252064	0.288078787752697	0.309258270280446	0.129045079714793
HGDP00371	0.399677513573961	0.0566115184097387	0.251278778603755	0.292432189412545
HGDP01028	0.443576320080955	0.159427218393476	0.199038645318937	0.197957816206632
HGDP00629	0.299417405963356	0.216794470059378	0.145756129433549	0.338031994543717
HGDP00807	0.329003149769694	0.268077415429273	0.227574776218045	0.175344658582988
HGDP00037	0.239826041357303	0.421902836036543	0.212567160967453	0.125703961638702
HGDP01265	0.342566385577793	0.376894345223548	0.0490717888243225	0.231467480374337
HGDP00372	0.145962614845892	0.405761413795463	0.0326880141364727	0.415587957222173
HGDP01029	0.225404194052361	0.510997358302928	0.122841221250855	0.140757226393856
HGDP00630	0.444134967336506	0.0889817557594403	0.15468234292892	0.312200933975133
HGDP00808	0.10435492077346	0.527911518323396	0.132668274075923	0.23506528682722
HGDP00039	0.0970471343944366	0.0617702862015473	0.678074267908566	0.16310831149545
HGDP01266	0.382194232065132	0.186337178791515	0.238557506363929	0.192911082779424
HGDP00376	0.21774563051002	0.32083758547806	0.177558625702369	0.283858158309551
HGDP01030	0.222557036934094	0.197733963564327	0.3788733982048	0.20083560129678
HGDP00631	0.170717296719258	0.465924083826511	0.191635834303863	0.171722785150369
HGDP00041	0.06038102690489	0.237738090038271	0.410600796145849	0.291280086910991
HGDP00810	0.415659127561748	0.412752417644964	0.0658396998417347	0.105748754951553
HGDP01267	0.380506821869963	0.404660874008149	0.15798519899583	0.0568471051260578
HGDP00382	0.297194865403444	0.175338586151148	0.216924014783675	0.310542533661733
HGDP01031	0.321188505104629	0.0801407318399334	0.370935200355677	0.22773556269976
HGDP00632	0.365851048953566	0.110128663150798	0.354542050262504	0.169478237633133
HGDP00811	0.205411244712843	0.521487447095326	0.223912637432064	0.0491886707597669
HGDP00043	0.376386581922933	0.293343549445732	0.0227384488788898	0.307531419752445
HGDP01268	0.329053295949046	0.200426936577534	0.167186615152182	0.303333152321238
HGDP00388	0.263053878730112	0.237198389226631	0.238125333767898	0.261622398275359
HGDP01032	0.00080949692213464	0.30846033430912	0.399268099825999	0.291462068942746
HGDP00634	0.0532672502037177	0.151202902145775	0.394319130781106	0.401210716869402
HGDP00812	0.313731184067166	0.329949860531896	0.284979603090025	0.0713393523109131
HGDP00045	0.0225317229283061	0.142030051336729	0.761702485684058	0.0737357400509076
HGDP01269	0.43976556854755	0.0258541140149018	0.17286180401488	0.361518513422668
HGDP00392	0.482374401849533	0.325934004642932	0.0259336463160294	0.165757947191505
HGDP01033	0.166037039348863	0.215142292196215	0.177673320436846	0.441147348018076
HGDP00635	0.3249073665033	0.446512184835108	0.0382031746064091	0.190377274055183
HGDP00813	0.133535214910982	0.0407230890843496	0.28780665989385	0.537935036110818
HGDP00047	0.401450138240211	0.235636121615369	0.00634525372186993	0.356568486422551
HGDP01270	0.237467671059898	0.0606532868572997	0.258344881728068	0.443534160354734
HGDP00397	0.172982409965085	0.288398824311817	0.24049630194692	0.298122463776178
HGDP01034	0.338462551008311	0.273300799259969	0.150460219935954	0.237776429795766
HGDP00636	0.571832898293392	0.189413600247528	0.0631175650764244	0.175635936382655
HGDP00814	0.170647400869162	0.13640257537335	0.153308777026445	0.539641246731043
HGDP00049	0.281410452625916	0.299394278459824	0.132916704771495	0.286278564142764
HGDP00402	0.314583961315996	0.426904065836186	0.237649986286154	0.020861986561664
HGDP01271	0.324439717945125	0.294553988211727	0.271104179512114	0.109902114331033
HGDP01035	0.287612717121104	0.184698111972699	0.390628270761667	0.13706090014453
HGDP00637	0.294636189273174	0.0888300012502511	0.4210662360971	0.195467573379475
HGDP00815	0.159508975334281	0.536042424047562	0.0115226695029728	0.292925931115184
HGDP00052	0.0519252760350609	0.322863150049453	0.260615063616626	0.364596510298861
HGDP00407	0.28333797151746	0.249076804207725	0.253020164197745	0.214565060077071
HGDP01272	0.259941824889905	0.0421653757980406	0.324628328647747	0.373264470664307
HGDP01036	0.119517808180894	0.0160348964833228	0.280552806617086	0.583894488718698
HGDP00638	0.262839062899033	0.47272530045635	0.181362603430424	0.0830730332141933
HGDP00054	0.0460961691971963	0.276741182497384	0.355826607012371	0.321336041293048
HGDP00817	0.116588621069087	0.390834975084415	0.234941054863922	0.257635348982575
HGDP00412	0.261963006010786	0.56298592643854	0.135445559986062	0.0396055075646121
HGDP01274	0.302426096026118	0.0285934386450522	0.280853055909406	0.388127409419424
HGDP01037	0.163585146521428	0.409898404408996	0.0418710286448412	0.384645420424735
HGDP00639	0.18378846695171	0.227722339460923	0.317036251589739	0.271452941997629
HGDP00818	0.409910633882498	0.312974407733423	0.0355081465555627	0.241606811828516
HGDP00056	0.461097326850067	0.0368033299056827	0.488049498201902	0.0140498450423489
HGDP00417	0.109832133647529	0.284219906622876	0.437603690510501	0.168344269219095
HGDP01275	0.321727585703084	0.187988331307134	0.325986941853458	0.164297141136323
HGDP01041	0.265144942290588	0.0161548308227507	0.281297565824452	0.437402661062209
HGDP00640	0.338096691629323	0.254067819549014	0.127557333126211	0.280278155695452
HGDP00819	0.306575248219819	0.146232082383799	0.266725768204845	0.280466901191537
HGDP00057	0.304858973244955	0.193735991511471	0.0119785522534414	0.489426482990132
HGDP00423	0.0416891304587317	0.352025387209828	0.193405702399625	0.412879779931815
HGDP01276	0.15570938823182	0.0628801646003851	0.0974268114041315	0.683983635763663
HGDP01044	0.103863238810836	0.163991032844232	0.235738700397313	0.496407027947619
HGDP00641	0.286270053117899	0.30350438808763	0.312307131053536	0.0979184277409351
HGDP00820	0.446192983964123	0.368582320226367	0.152517792187552	0.0327069036219586
HGDP00058	0.276284752247406	0.304508743042377	0.352979016709733	0.0662274880004839
HGDP00428	0.324144695161813	0.365312146272872	0.0686159953526304	0.241927163212685
HGDP01277	0.192268443724655	0.181030963810391	0.253597141107961	0.373103451356993
HGDP01047	0.313410846794255	0.262751678421869	0.127587469085446	0.296250005698431
HGDP00821	0.45276243301928	0.471004079495334	0.0290414721785849	0.0471920153068018
HGDP00642	0.396415657192683	0.412509206851783	0.181138458126668	0.00993667782886588
HGDP00060	0.311996960992729	0.151514478660526	0.210656557884656	0.325832002462089
HGDP00433	0.30792388763191	0.357440758844607	0.134253170064329	0.200382183459154
HGDP01279	0.217589650483526	0.216311058393243	0.396730342922426	0.169368948200805
HGDP01053	0.306342309129392	0.244679376149552	0.141308901731471	0.307669412989584
HGDP00822	0.276692285378544	0.323205259997216	0.0539450856547578	0.346157368969482
HGDP00643	0.393109759431487	0.0624198997476991	0.0572873632873331	0.487182977533481
HGDP00062	0.528818216166302	0.125576023270322	0.266899333664763	0.0787064268986136
HGDP00438	0.283577165901647	0.355952973294227	0.0727938540057435	0.287676006798383
HGDP01280	0.0139515472809871	0.646811668435664	0.0718045008485847	0.267432283434764
HGDP01055	0.261417752819704	0.221514213971032	0.304005523435286	0.213062509773977
HGDP00644	0.253483264265745	0.337432828441687	0.342265944958476	0.066817962334092
HGDP00828	0.134188336446019	0.378867401379593	0.482962802181717	0.00398145999267094
HGDP00064	0.313405153755779	0.155535011603848	0.290102284328819	0.240957550311555
HGDP00444	0.131223532717799	0.302844972384292	0.246162026772284	0.319769468125626
HGDP01282	0.321045949258733	0.152745940927244	0.160280569629369	0.365927540184655
HGDP01056	0.146616389011999	0.276095444371116	0.275490574667636	0.301797591949248
HGDP00645	0.243223622856344	0.261475210968656	0.291992326644324	0.203308839530675
HGDP00832	0.084808254324404	0.0556381741191925	0.567224041974308	0.292329529582095
HGDP00066	0.305951641860433	0.296975919535762	0.125317888156512	0.271754550447294
HGDP00445	0.383503005546247	0.177311934402413	0.230985660013033	0.208199400038308
HGDP01283	0.321084086119715	0.230338721615879	0.393551671760904	0.0550255205035017
HGDP01057	0.178082479705543	0.370255936714875	0.0598360508429135	0.391825532736668
HGDP00646	0.352623761228889	0.445356160454315	0.018644397204961	0.183375681111835
HGDP00843	0.0865070645725796	0.243496057925281	0.130345313247261	0.539651564254878
HGDP00068	0.117668664714791	0.133266346580295	0.547816856102581	0.201248132602333
HGDP00449	0.0750968476490789	0.320740552100508	0.334982720282059	0.269179879968354
HGDP01285	0.218238099254468	0.0589492083865871	0.599896034585604	0.122916657773341
HGDP01058	0.573767612321837	0.107751968800812	0.135366623954177	0.183113794923174
HGDP00647	0.0853914141895396	0.411789857785775	0.204175908677624	0.298642819347062
HGDP00846	0.244744985137055	0.338038660986686	0.291689578157334	0.125526775718925
HGDP00070	0.452536197228218	0.121167934086107	0.417413577312437	0.00888229137323699
HGDP00450	0.015302649876821	0.335703233360833	0.0501465901388763	0.59884752662347
HGDP01286	0.335503211300446	0.0405232098756302	0.36440939578675	0.259564183037174
HGDP01059	0.23354179051335	0.430019786330238	0.275368215942022	0.0610702072143894
HGDP00648	0.232385563255207	0.275540883062171	0.325922606753588	0.166150946929033
HGDP00849	0.200344760093886	0.302454322327308	0.154333202189286	0.34286771538952
HGDP00452	0.598531395230782	0.29050258902407	0.0904101315432079	0.0205558842019404
HGDP00072	0.00759750203988117	0.193745912626308	0.382460468817735	0.416196116516076
HGDP01287	0.342466203147871	0.246524140233322	0.238850170619375	0.172159485999432
HGDP01060	0.371212562009424	0.083834212908982	0.489890967728567	0.0550622573530268
HGDP00650	0.429687331098006	0.29287432352913	0.0626930775396741	0.21474526783319
HGDP00852	0.123379901703665	0.591477966776764	0.249874115818143	0.0352680157014277
HGDP00453	0.132539535470929	0.144829632585951	0.602768529666313	0.119862302276807
HGDP00074	0.34111031299581	0.209011977387341	0.295530988760464	0.154346720856385
HGDP01288	0.374473389265058	0.0338077045252503	0.337555941552947	0.254162964656745
HGDP01062	0.0274035394650004	0.174334994467143	0.23908301038024	0.559178455687616
HGDP00651	0.295332417400368	0.294430407694273	0.0755856051774888	0.334651569727871
HGDP00854	0.409024754851352	0.239037919770998	0.346752920292763	0.00518440508488688
HGDP00454	0.433629743301431	0.269430940507139	0.248664556833892	0.0482747593575384
HGDP00076	0.131167633171444	0.332612633431018	0.220698654918602	0.315521078478936
HGDP01289	0.284818808040362	0.0817994226463035	0.332776554488413	0.300605214824921
HGDP01063	0.385570414200195	0.0296040264851494	0.449889648816564	0.134935910498091
HGDP00653	0.387694429065899	0.154682713984989	0.335873794258917	0.121749062690195
HGDP00455	0.39105146492073	0.208435793734742	0.194463678889755	0.206049062454773
HGDP00855	0.126994016284617	0.303350984160024	0.280952088110279	0.28870291144508
HGDP00078	0.230421603391739	0.167880603646572	0.289860707817803	0.311837085143886
HGDP01290	0.292164868110275	0.33497769259951	0.263660503894256	0.109196935395959
HGDP00654	0.449842972046247	0.302489833766882	0.127610813330735	0.120056380856135
HGDP01064	0.367984447570665	0.424436332327347	0.0942240236265807	0.113355196475407
HGDP00457	0.356260878317327	0.304473023252672	0.297577988785466	0.0416881096445349
HGDP00856	0.30264741082387	0.164612023368125	0.30881103145016	0.223929534357846
HGDP00080	0.464943723579041	0.241774992867037	0.0216558741410696	0.271625409412853
HGDP01291	0.521403122859455	0.192228775125613	0.233288976400083	0.0530791256148494
HGDP00655	0.168451899053637	0.137077762348267	0.383377423297234	0.311092915300862
HGDP00458	0.192076008838697	0.0286521855893859	0.476766123701028	0.302505681870889
HGDP01065	0.3551363659523	0.00696490010558916	0.444073547170264	0.193825186771847
HGDP00857	0.318734403247016	0.158459235868579	0.180313397886806	0.342492962997599
HGDP00082	0.299926379110201	0.107075981823071	0.295202876171574	0.297794762895155
HGDP01292	0.291642423930781	0.357902989966819	0.247146557153322	0.103308028949078
HGDP00656	0.334900471640547	0.408181000219227	0.157438719118232	0.0994798090219943
HGDP00459	0.187048262743766	0.0406549515910084	0.437593402847159	0.334703382818067
HGDP01066	0.315838880720406	0.219567799652591	0.319870083248183	0.14472323637882
HGDP00086	0.148600743058585	0.214907119070628	0.150280529247412	0.486211608623375
HGDP00858	0.308028475100661	0.138969987065706	0.260969201661129	0.292032336172504
HGDP01293	0.285755403016317	0.14398883286944	0.163961212571238	0.406294551543005
HGDP00460	0.319695165317236	0.181618108415673	0.158188463168056	0.340498263099035
HGDP00661	0.232422749652228	0.365831642638472	0.264442064071746	0.137303543637554
HGDP01067	0.492815361784933	0.266136512309105	0.166973485323693	0.0740746405822693
HGDP00088	0.363447943051588	0.358816872518807	0.0694167153771652	0.20831846905244
HGDP00859	0.120492033841284	0.0656611782419052	0.417897228266665	0.395949559650146
HGDP01294	0.408378090540561	0.159355709414102	0.191741941021929	0.240524259023408
HGDP00461	0.0565187981064881	0.357305099447355	0.195348611365241	0.390827491080915
HGDP00662	0.373078732271966	0.336862693755081	0.0813651319874523	0.208693441985501
HGDP01068	0.0361123864549294	0.711741984017171	0.166771941782215	0.0853736877456847
HGDP00090	0.249138926698839	0.285779615194577	0.346979805827034	0.118101652279549
HGDP00860	0.387549079821444	0.176904445552791	0.179009905497791	0.256536569127975
HGDP00462	0.489242911476111	0.0252981183747183	0.236483650278657	0.248975319870513
HGDP01295	0.0711278529437796	0.569951583335954	0.0404946889600092	0.318425874760257
HGDP00663	0.150914475035814	0.193494270485886	0.307076789627897	0.348514464850404
HGDP01069	0.0310994208318847	0.0219652088681149	0.485129752817232	0.461805617482768
HGDP00092	0.402881859293775	0.381532442490598	0.0914395566181335	0.124146141597494
HGDP00861	0.346987270497583	0.0638876982940113	0.319489793407261	0.269635237801145
HGDP00463	0.21205581386426	0.158607845934146	0.0919013182623814	0.537435021939212
HGDP01296	0.482479477129202	0.00474315529703291	0.121354461592235	0.391422905981529
HGDP00664	0.336277396328161	0.313075173641182	0.174321484694106	0.176325945336551
HGDP01070	0.327998538757598	0.243009091685949	0.174618442918808	0.254373926637644
HGDP00094	0.469625422478101	0.0880063009753234	0.355529088846275	0.0868391877003009
HGDP00862	0.407557134805179	0.12087791889189	0.116950317650082	0.354614628652849
HGDP00464	0.124637985785596	0.444296086562619	0.150287456530433	0.280778471121352
HGDP01297	0.140581156902863	0.325367653259979	0.32154506551608	0.212506124321078
HGDP00666	0.415921415252337	0.217100566597788	0.124935254342212	0.242042763807663
HGDP01071	0.236449647178912	0.316745048124479	0.131562632339889	0.31524267235672
HGDP00096	0.100453891760158	0.454798807864513	0.181320367280037	0.263426933095292
HGDP00863	0.529957511525172	0.231715735910848	1.93081467988653e-05	0.238307444417181
HGDP00466	0.419670671121969	0.0695911924238249	0.128769020681481	0.381969115772725
HGDP01298	0.265267154048173	0.329176416280441	0.203639791420059	0.201916638251327
HGDP00667	0.273272845961111	0.169099659539013	0.383856327683496	0.17377116681638
HGDP01072	0.241809668946366	0.0874504054643839	0.358799870647934	0.311940054941317
HGDP00098	0.267923594248959	0.290587844845664	0.297215684570582	0.144272876334795
HGDP00864	0.336495921491462	0.418336446198765	0.0507333417188337	0.19443429059094
HGDP00467	0.272637230447556	0.452025798962736	0.059521191857596	0.215815778732111
HGDP01299	0.233754629889945	0.0813809749510654	0.518133240725945	0.166731154433045
HGDP00668	0.214764094408464	0.368690586139761	0.176866645112274	0.239678674339502
HGDP01073	0.165141504348063	0.0167738184228449	0.405490383375693	0.412594293853399
HGDP00099	0.330790608387197	0.272404236040136	0.143580368602757	0.25322478696991
HGDP00469	0.362166602168332	0.293005458815039	0.0126441882206555	0.332183750795973
HGDP00865	0.148016440397983	0.0722008890580677	0.322535245760137	0.457247424783813
HGDP01300	0.0637377273820823	0.298073070598485	0.174208725804777	0.463980476214655
HGDP00669	0.405693390762837	0.135522640505764	0.41151769449865	0.0472662742327486
HGDP01074	0.0305106881248353	0.40589023781917	0.237519438464892	0.326079635591103
HGDP00868	0.439875249865448	0.118316074981551	0.360393947359431	0.0814147277935697
HGDP00100	0.26672307378042	0.298277325088763	0.113311589018796	0.321688012112021
HGDP00470	0.307249039759441	0.177607482568275	0.0381795820957683	0.476963895576515
HGDP00670	0.291631251440937	0.12983337943114	0.200661846783883	0.37787352234404
HGDP01301	0.300459159012077	0.129608523727223	0.258054139074069	0.311878178186631
HGDP01075	0.448683019021815	0.0366745421841584	0.121527713840212	0.393114724953815
HGDP00869	0.301754873062832	0.272205935649926	0.243252580062966	0.182786611224276
HGDP00102	0.3020132930697	0.209723916758656	0.255796306647062	0.232466483524582
HGDP00471	0.271873668120452	0.279605457586297	0.212094312857108	0.236426561436144
HGDP00671	0.486891258739774	0.47728086304512	0.0281246251978436	0.00770325301726188
HGDP01302	0.176158369961848	0.242096519393291	0.102042850782812	0.479702259862049
HGDP01076	0.308579498519111	0.331839669839743	0.176046443478845	0.183534388162301
HGDP00870	0.170369965282462	0.27872472450126	0.184726235210386	0.366179075005892
HGDP00472	0.151844550877579	0.360949834100963	0.204304913913813	0.282900701107645
HGDP00103	0.365886908135569	0.227730084363448	0.112445506855276	0.293937500645706
HGDP00672	0.193929053786726	0.458357994794329	0.0683760548109232	0.279336896608022
HGDP01303	0.459564958033579	0.323298076714661	0.0460140911011327	0.171122874150627
HGDP01077	0.372151473681823	0.0500553171512985	0.527162397472146	0.0506308116947322
HGDP00871	0.102256031025229	0.497762433030102	0.222751631095875	0.177229904848794
HGDP00473	0.15227338288727	0.229911625814315	0.337893015629627	0.279921975668788
HGDP00104	0.119217669162584	0.364314667270147	0.143551344870656	0.372916318696613
HGDP00673	0.21554714892304	0.45961311520189	0.284594735387444	0.0402450004876256
HGDP01304	0.29182548964862	0.186715183765243	0.348548379153987	0.17291094743215
HGDP01078	0.246923087758504	0.235693189490361	0.437679011270504	0.0797047114806318
HGDP00872	0.215864770251326	0.199763320871109	0.257163187391754	0.327208721485812
HGDP00474	0.0592672094263818	0.338905652829191	0.60037700122917	0.00145013651525718
HGDP00105	0.0218658770405701	0.302893480681233	0.451909292629854	0.223331349648343
HGDP00674	0.245962109029717	0.266746844300215	0.251447545357148	0.235843501312921
HGDP01305	0.259806815161695	0.201290929081387	0.215987323876108	0.322914931880811
HGDP01079	0.220251890130895	0.320286969647439	0.210023389862923	0.249437750358743
HGDP00475	0.330233469798342	0.275012815126083	0.304512099621799	0.0902416154537753
HGDP00873	0.305666061707247	0.303758780269171	0.336875597174134	0.0536995608494469
HGDP00106	0.11419768187758	0.259325824195622	0.253316717471363	0.373159776455436
HGDP00675	0.319819000381772	0.430740941843679	0.193374999514158	0.0560650582603912
HGDP01306	0.0676896802241683	0.507722588516028	0.199861412607505	0.224726318652299
HGDP01081	0.242252181169788	0.070464969298876	0.440884460747097	0.246398388784238
HGDP00476	0.414431051539478	0.385344142299922	0.166911244032926	0.0333135621276734
HGDP00875	0.250995328090382	0.225392743688648	0.0823120336745289	0.441299894546441
HGDP00108	0.263967213556719	0.445865916244874	0.227488203869171	0.0626786663292363
HGDP00676	0.383503736951668	0.366323213965912	0.231602111071052	0.0185709380113675
HGDP01307	0.258003001780344	0.302414796371471	0.24752999204686	0.192052209801324
HGDP01086	0.1312702422709	0.318904873521116	0.158151757526043	0.39167312668194
HGDP00478	0.19502242245561	0.220509563359749	0.189675324931376	0.394792689253265
HGDP00876	0.457449190010279	0.0648227308506722	0.00555084576935651	0.472177233369693
HGDP00109	0.18475663857799	0.2121850369835	0.407133503706865	0.195924820731645
HGDP00677	0.637830344400291	0.00419081883677461	0.288911239516298	0.0690675972466357
HGDP01308	0.0851776648107538	0.206090086074758	0.382502752890527	0.326229496223961
HGDP00479	0.310448735250283	0.449900830188586	0.0563042559915975	0.183346178569533
HGDP01090	0.207960010811721	0.556881445984132	0.186245988986491	0.0489125542176562
HGDP00877	0.328083493508939	0.0852074641011754	0.329985097076147	0.256723945313738
HGDP00110	0.167928469260741	0.298791261010793	0.223701805418666	0.3095784643098
HGDP00678	0.00520886812740162	0.346427291826209	0.317598969710582	0.330764870335807
HGDP01309	0.176402334008311	0.34121899921357	0.37584829314321	0.106530373634909
HGDP00491	0.250678377493606	0.216725134461944	0.0895436263992384	0.443052861645212
HGDP01094	0.114964189388619	0.0515298789305089	0.808884175499664	0.0246217561812079
HGDP00879	0.316038075865805	0.182456113462715	0.188962016364242	0.312543794307238
HGDP00115	0.320415508392293	0.36459445489371	0.256356973082464	0.0586330636315328
HGDP00679	0.682890382949891	0.00883225686597648	0.185048938386028	0.123228421798104
HGDP01310	0.284413720314311	0.101387482590386	0.22265586018446	0.391542936910843
HGDP00511	0.23970771976048	0.298071608546882	0.251804943414079	0.21041572827856
HGDP01095	0.315656566281385	0.21456106782056	0.252541220451515	0.217241145446539
HGDP00880	0.284181486103152	0.381566147876107	0.0370076356931856	0.297244730327556
HGDP00118	0.291320059323576	0.258293761705986	0.0857856492462471	0.364600529724191
HGDP00680	0.413305253126556	0.0220773074665531	0.132833292791037	0.431784146615854
HGDP00512	0.286656590638051	0.281952764216999	0.066783125957029	0.364607519187921
HGDP01311	0.358724004817875	0.0493626378031946	0.152689512490801	0.43922384488813
HGDP01096	0.219546361374123	0.0463171292519635	0.196509644569673	0.53762686480424
HGDP00120	0.375636025296201	0.324161310868817	0.175530186006689	0.124672477828294
HGDP00881	0.0683913330866811	0.25226043133495	0.420634439667797	0.258713795910572
HGDP00682	0.232234836628599	0.28294716232965	0.177836380789764	0.306981620251986
HGDP00513	0.375044263518958	0.0771595367212458	0.253208681086146	0.294587518673651
HGDP01312	0.13535139628332	0.287571233649925	0.342473153032855	0.2346042170339
HGDP01098	0.309264208244578	0.0753038924583428	0.101616767017573	0.513815132279505
HGDP00121	0.530457504620523	0.30638810711605	0.105281272374075	0.0578731158893526
HGDP00882	0.429071520356798	0.0470299615448337	0.186248632752674	0.337649885345694
HGDP00683	0.277367824840857	0.11566330706162	0.247972366808385	0.358996501289138
HGDP00514	0.366038061960689	0.00325645831114369	0.493994317178175	0.136711162549992
HGDP01313	0.0377881786920651	0.25994060224998	0.387000571417592	0.315270647640363
HGDP01099	0.171641863444232	0.192753501685616	0.433568992741532	0.20203564212862
HGDP00122	0.243410377176451	0.3277041084881	0.38557981275141	0.0433057015840396
HGDP00883	0.0898343768850021	0.220230103080766	0.499903101928163	0.190032418106069
HGDP00684	0.290997833813951	0.203430572500048	0.375115163970195	0.130456429715805
HGDP00515	0.0164632870828767	0.309616231493188	0.344097140297167	0.329823341126768
HGDP01314	0.264882513405776	0.0614383968801891	0.490297223696298	0.183381866017737
HGDP01100	0.179821857652388	0.453841773881957	0.289715971163041	0.0766203973026142
HGDP00124	0.0975849962648865	0.238788062415022	0.306873904445096	0.356753036874996
HGDP00685	0.0871815450800497	0.469461610057443	0.0170290679540423	0.426327776908465
HGDP00884	0.511813403186328	0.390996280821441	0.0557322291468139	0.0414580868454168
HGDP00516	0.25383393476946	0.227048675581006	0.20509732944934	0.314020060200195
HGDP01317	0.157808733432007	0.264038537238295	0.346256924535083	0.231895804794615
HGDP00125	0.128059490478774	0.39931756891552	0.122088786418454	0.350534154187252
HGDP01101	0.299879121173445	0.214994243004049	0.0465969813492366	0.438529654473269
HGDP00686	0.188519799843311	0.470561639391213	0.222323560897298	0.118594999868178
HGDP00885	0.169804614248966	0.279058996464836	0.269283573359974	0.281852815926225
HGDP00517	0.259811979776304	0.221722903917898	0.39045127771526	0.128013838590538
HGDP01318	0.190357474458532	0.288960910179917	0.309012316476494	0.211669298885057
HGDP00127	0.302138003225917	0.253672589103659	0.379967317467375	0.0642220902030493
HGDP01102	0.0861839469127476	0.28827190973794	0.343088750174153	0.28245539317516
HGDP00687	0.488940947534946	0.279259932083246	0.168978701404458	0.0628204189773502
HGDP00886	0.283029859085288	0.0320318252008798	0.182645225004744	0.502293090709087
HGDP00518	0.261135875280685	0.296720062295041	0.255093196631709	0.187050865792565
HGDP01319	0.170648870590489	0.351261421447905	0.321927126058691	0.156162581902915
HGDP00129	0.356219319608972	0.396125007265453	0.229911793122634	0.0177438800029412
HGDP01103	0.402361907170708	0.0276189811755556	0.502314985437663	0.067704126216074
HGDP00688	0.119577610933727	0.242317740962317	0.550994948602424	0.0871096995015325
HGDP00887	0.136907989368297	0.472320870812721	0.0870444326908659	0.303726707128116
HGDP01320	0.0315528252895277	0.414137952189863	0.445943880465266	0.108365342055343
HGDP00519	0.0502089269339704	0.327022879241006	0.256598165857131	0.366170027967892
HGDP00130	0.333825621006674	0.176560084116032	0.15934946318328	0.330264831694014
HGDP01104	0.0489128317516025	0.491948193518956	0.246156906286974	0.212982068442467
HGDP00689	0.22575165056095	0.235486120776933	0.190348744153576	0.348413484508541
HGDP00888	0.306358430599014	0.142796997735489	0.362460533280845	0.188384038384651
HGDP00520	0.368127749865084	0.0692258405029098	0.166274095160843	0.396372314471164
HGDP01321	0.443077637774454	0.0093389871811083	0.308858076361628	0.238725298682809
HGDP00131	0.291513394084506	0.322459445764944	0.133750235296622	0.252276924853928
HGDP01149	0.522420107699748	0.20183270239979	0.186831850866976	0.0889153390334857
HGDP00690	0.226628621237639	0.146779371445294	0.27087685311028	0.355715154206787
HGDP00889	0.445212855130541	0.114024286581973	0.321739649406399	0.119023208881086
HGDP00521	0.143822567354525	0.303429218858277	0.242632461017811	0.310115752769387
HGDP01322	0.285978694275365	0.450242547650523	0.0291125437184195	0.234666214355693
HGDP00133	0.554670225858408	0.171724599640537	0.132189000993678	0.141416173507378
HGDP01151	0.367338321954916	0.189779436889143	0.0890040745674183	0.353878166588523
HGDP00691	0.267237058745038	0.0236356359605154	0.359898728282917	0.349228577011529
HGDP00890	0.128256251043667	0.220035807421022	0.358502241620586	0.293205699914725
HGDP00522	0.109715009731517	0.390254381189657	0.393523983884235	0.106506625194591
HGDP01323	0.342280790805349	0.0800473159708822	0.350747649977732	0.226924243246037
HGDP00134	0.0532333736082946	0.479209384471949	0.345813691015474	0.121743550904283
HGDP01152	0.145117813306911	0.456495673872755	0.319250009891228	0.0791365029291062
HGDP00692	0.12896982608183	0.311771604744522	0.250106436631684	0.309152132541963
HGDP00891	0.405930856339108	0.295051881541813	0.075792255630079	0.223225006489
HGDP00523	0.0674225558238634	0.216297006253286	0.218658233632018	0.497622204290832
HGDP01326	0.0944851621264726	0.330208987979711	0.442461179373086	0.132844670520731
HGDP00135	0.321863480573879	0.0645522131982126	0.235748908044193	0.377835398183715
HGDP01153	0.0930309115898936	0.471590429235502	0.0286352532663885	0.406743405908216
HGDP00693	0.257732645748092	0.11527382767047	0.454797428632445	0.172196097948993
HGDP00524	0.181900284487365	0.240512304033019	0.214746120039752	0.362841291439864
HGDP00892	0.10925715920193	0.402463928515141	0.0993926728526787	0.38888623943025
HGDP01327	0.246763236132442	0.246324827421196	0.293213839215938	0.213698097230424
HGDP00136	0.227525378525186	0.0315005283450984	0.283733963302335	0.457240129827381
HGDP00694	0.196147908614919	0.215962795467403	0.327694447129472	0.260194848788205
HGDP01155	0.277675020611817	0.575765944072014	0.0869839734465257	0.0595750618696432
HGDP00525	0.242984490731326	0.335501594782188	0.295906802658312	0.125607111828173
HGDP00893	0.173344433418374	0.199913472130922	0.276696578741127	0.350045515709577
HGDP01328	0.181610195475881	0.304680760562676	0.368866044367951	0.144842999593492
HGDP00137	0.112389927965037	0.211799520373868	0.485112716693112	0.190697834967983
HGDP00696	0.279818412324169	0.262292295848926	0.0883579803665979	0.369531311460308
HGDP01156	0.254380904175685	0.234521392744861	0.215813305674512	0.295284397404942
HGDP00526	0.508376881806681	0.211627417180041	0.237834986436524	0.0421607145767538
HGDP00894	0.271961950416777	0.213495974081296	0.273007318391785	0.241534757110141
HGDP00139	0.295138689619703	0.109659716784695	0.375736143920043	0.219465449675558
HGDP01329	0.375615541065315	0.395454705581053	0.0586220841733481	0.170307669180284
HGDP00697	0.118058184459711	0.169137009974235	0.363317309206121	0.349487496359933
HGDP00527	0.204752719351278	0.166889053154614	0.192268899855033	0.436089327639075
HGDP01157	0.312114043635727	0.205299217355411	0.0508030997691646	0.431783639239697
HGDP00895	0.301356434356112	0.223252213312974	0.284990692181578	0.190400660149336
HGDP00140	0.015789828673756	0.484710373830095	0.166873398371153	0.332626399124996
HGDP01330	0.167882572198533	0.410727362586527	0.263780626750233	0.157609438464707
HGDP00698	0.188252027804497	0.29369650295679	0.355299910233833	0.16275155900488
HGDP00528	0.425542568346239	0.156482719619827	0.0301812730681606	0.387793438965773
HGDP00896	0.193363856295854	0.440653629421627	0.332789012975481	0.0331935013070376
HGDP01161	0.165369902639045	0.0381192663973756	0.376752537122431	0.419758293841148
HGDP00141	0.32580657610242	0.175861780096649	0.241497173523668	0.256834470277263
HGDP01331	0.15018567955626	0.291878173578172	0.245001828838113	0.312934318027455
HGDP00699	0.121151469937222	0.440014793880103	0.0187585728111158	0.420075163371559
HGDP00529	0.35466755725128	0.170982458960419	0.283356272882434	0.190993710905867
HGDP00897	0.165603942207847	0.584505798222028	0.150466259242852	0.0994240003272736
HGDP01162	0.291867344625084	0.253747473108499	0.0459556392071725	0.408429543059245
HGDP00143	0.381824036709613	0.356008132348528	0.134063524222507	0.128104306719353
HGDP01332	0.128725453213317	0.420725982549807	0.0731225945685969	0.377425969668279
HGDP00700	0.307253720442973	0.0392636983048355	0.0920680888521396	0.561414492400052
HGDP00530	0.240394691528595	0.407252881875044	0.193223962594155	0.159128464002206
HGDP00898	0.038898328492345	0.443737629645851	0.181048164937926	0.336315876923878
HGDP01163	0.311980450857314	0.221399766913308	0.289967287661121	0.176652494568258
HGDP00144	0.112048377945225	0.00506846963663237	0.23996305101858	0.642920101399563
HGDP01333	0.289086172254363	0.364192637286824	0.147551915944152	0.199169274514661
HGDP00701	0.187257404639348	0.189850754587681	0.33657168474659	0.286320156026381
HGDP00531	0.399525320633464	0.0843113905328533	0.28861177459405	0.227551514239633
HGDP00899	0.173438366103419	0.253960407594813	0.312964943118813	0.259636283182955
HGDP01164	0.259930581619183	0.0678630486578287	0.258577995607221	0.413628374115768
HGDP00145	0.252227063060907	0.665212584323103	0.0377216143675335	0.0448387382484561
HGDP01334	0.38864503164877	0.186290011133704	0.320421565001615	0.104643392215911
HGDP00533	0.290153225119205	0.318771229205996	0.0686647925555511	0.322410753119248
HGDP00703	0.599359283991648	0.201111854753905	0.0659587195593715	0.133570141695076
HGDP00900	0.257921288534627	0.18576834708765	0.446221538098947	0.110088826278776
HGDP01166	0.40775739737336	0.0298522058877368	0.0158222399077294	0.546568156831173
